 R   1 G   0      0      37.31     14.713
 R   1 G   1      0     31.506     13.374
 R   1 G   2      0     28.081     12.576
 R   1 G   3      0     25.984     12.832
 R   1 G   4      0      24.39     12.772
 R   1 G   5      0     22.423     12.167
 R   1 G   6      0     22.149     12.133
 R   1 G   7      0     21.978     12.502
 R   1 G   8      1     21.472     12.302
 R   1 G   9      0     21.611     12.666
 R   1 G  10      0     22.176     13.004
 R   1 G  11      0     21.748     12.691
 R   1 G  12      0     22.045     12.632
 R   1 G  13      0     22.496     13.069
 R   1 G  14      0     21.396     12.357
 R   1 G  15      0     21.512     12.764
 R   1 G  16      0     20.438     12.281
 R   1 G  17      0     20.647     12.248
 R   1 G  18      0     20.582     12.836
 R   1 G  19      0     20.077     12.576
 R   1 G  20      0     20.182     12.441
 R   1 G  21      0       20.5     12.862
 R   1 G  22      0     20.446     12.745
 R   1 G  23      0     20.921     12.652
 R   1 G  24      0     20.616     12.648
 R   1 G  25      0     20.958      13.03
 R   1 G  26      0     20.777     12.791
 R   1 G  27      0     20.866     13.043
 R   1 G  28      0     20.821     12.872
 R   1 G  29      0     21.353     13.099
 R   1 G  30      0      21.46     13.129
 R   1 G  31      0     20.575     12.397
 R   1 G  32      1     20.611     12.664
 R   1 G  33      1     20.309     12.714
 R   1 G  34      0     19.913     12.458
 R   1 G  35      0     20.114     12.442
 R   1 G  36      0     20.131     12.796
 R   1 G  37      0     20.373     12.763
 R   1 G  38      0     19.814     12.591
 R   1 G  39      0     20.215     13.128
 R   1 G  40      0     19.581     12.073
 R   1 G  41      0     19.889     12.923
 R   1 G  42      0       19.7     12.838
 R   1 G  43      0     19.695     12.613
 R   1 G  44      0     18.866     12.505
 R   1 G  45      0     18.801     12.528
 R   1 G  46      0     19.432      12.38
 R   1 G  47      0     19.443     12.836
 R   1 G  48      0     19.652     12.698
 R   1 G  49      0     19.395     12.688
 R   1 G  50      0     19.172     12.809
 R   1 G  51      0      19.73     12.866
 R   1 G  52      0     19.244      12.51
 R   1 G  53      0     18.725     12.149
 R   1 G  54      0     18.823     12.736
 R   1 G  55      0     19.511     13.094
 R   1 G  56      0     18.827     12.282
 R   1 G  57      0     18.064     12.428
 R   1 G  58      0     18.609     12.402
 R   1 G  59      0     18.724     12.599
 R   1 G  60      0      17.84     12.119
 R   1 G  61      0      18.01     12.941
 R   1 G  62      0     17.439     12.331
 R   1 G  63      0     18.002     12.968
 R   1 G  64      0     18.383     12.123
 R   1 G  65      0      18.67     12.737
 R   1 G  66      0     19.284     12.972
 R   1 G  67      0     18.704     12.872
 R   1 G  68      0     17.781     12.092
 R   1 G  69      0     17.945     12.787
 R   1 G  70      0     17.488     12.145
 R   1 G  71      0     17.935     12.572
 R   1 G  72      0     17.746     12.608
 R   1 G  73      0     17.326     12.161
 R   1 G  74      0     17.222     12.215
 R   1 G  75      0      17.68     12.585
 R   1 G  76      0     17.312     12.229
 R   1 G  77      0     18.302     12.606
 R   1 G  78      0      17.66     12.176
 R   1 G  79      0     18.227     13.026
 R   1 G  80      0     18.229     13.127
 R   1 G  81      0     17.705     12.929
 R   1 G  82      0     18.057      12.61
 R   1 G  83      0     17.485     11.859
 R   1 G  84      0     18.213     12.383
 R   1 G  85      0     17.462     12.118
 R   1 G  86      0       17.6     12.893
 R   1 G  87      0     17.061     11.962
 R   1 G  88      0     17.003     12.586
 R   1 G  89      0     17.525     12.812
 R   1 G  90      0       17.4     12.542
 R   1 G  91      0     17.113     12.954
 R   1 G  92      0     16.539     12.522
 R   1 G  93      0     16.864     12.384
 R   1 G  94      0      17.32     12.494
 R   1 G  95      0     16.208     12.079
 R   1 G  96      0     15.844     11.586
 R   1 G  97      0     16.457     12.282
 R   1 G  98      0     16.582     12.665
 R   1 G  99      0     16.827     13.001
1     50 R   2 G   0      3     36.919     13.827
 R   2 G   1      1     31.116     13.098
 R   2 G   2      1     27.928       12.4
 R   2 G   3      1     25.873     12.088
 R   2 G   4      0     24.628     12.397
 R   2 G   5      0     24.588     13.047
 R   2 G   6      0     23.774     12.764
 R   2 G   7      0     22.783     12.339
 R   2 G   8      0     22.832     12.297
 R   2 G   9      0     22.321     12.542
 R   2 G  10      1     22.335     12.667
 R   2 G  11      1     21.594     12.308
 R   2 G  12      0     21.261     12.643
 R   2 G  13      1      21.22     12.695
 R   2 G  14      0     20.492     12.345
 R   2 G  15      0     20.744     13.237
 R   2 G  16      0     20.178     12.302
 R   2 G  17      0     20.096     12.739
 R   2 G  18      0     19.987     12.862
 R   2 G  19      0     19.587     12.486
 R   2 G  20      0     20.075     12.988
 R   2 G  21      0     20.055     12.929
 R   2 G  22      0     20.043     12.632
 R   2 G  23      0     18.652     12.344
 R   2 G  24      0     19.855     13.069
 R   2 G  25      0     19.496     12.482
 R   2 G  26      0     20.052     12.699
 R   2 G  27      0     19.695     12.914
 R   2 G  28      0     19.882     12.596
 R   2 G  29      0     20.175     12.386
 R   2 G  30      0     20.116     12.568
 R   2 G  31      0     19.716     12.572
 R   2 G  32      0     20.436     12.906
 R   2 G  33      0     20.581     12.965
 R   2 G  34      0      20.03     12.033
 R   2 G  35      0     20.333     12.276
 R   2 G  36      0     20.019     12.358
 R   2 G  37      0     19.734     12.249
 R   2 G  38      0     19.807     12.882
 R   2 G  39      0     20.116     13.275
 R   2 G  40      0     19.404      12.19
 R   2 G  41      0     19.318     12.204
 R   2 G  42      0     20.307     13.389
 R   2 G  43      0     19.517     12.342
 R   2 G  44      0     19.884     12.646
 R   2 G  45      0     20.629     12.648
 R   2 G  46      0     20.121     12.544
 R   2 G  47      0     20.475     12.863
 R   2 G  48      0     20.042     12.877
 R   2 G  49      0      20.07     12.893
 R   2 G  50      0     19.357     12.705
 R   2 G  51      0     19.109     12.064
 R   2 G  52      0     19.536      12.77
 R   2 G  53      0     19.437     12.758
 R   2 G  54      0     19.914     13.316
 R   2 G  55      0     19.755     12.519
 R   2 G  56      0     19.415     12.413
 R   2 G  57      0     18.738     12.108
 R   2 G  58      0     18.804      12.47
 R   2 G  59      0     19.348      12.83
 R   2 G  60      0     18.897     12.485
 R   2 G  61      0     18.452     12.646
 R   2 G  62      0     18.379     13.033
 R   2 G  63      0     18.715     13.079
 R   2 G  64      0     18.804     12.621
 R   2 G  65      0     18.969     12.791
 R   2 G  66      0     18.802      12.95
 R   2 G  67      0     18.176     12.265
 R   2 G  68      0     18.493     12.939
 R   2 G  69      0     18.218     12.401
 R   2 G  70      0     18.428     13.001
 R   2 G  71      0     18.503     12.623
 R   2 G  72      0     18.719     12.562
 R   2 G  73      0      18.35      13.09
 R   2 G  74      0     18.116     12.869
 R   2 G  75      0     17.383     12.486
 R   2 G  76      0     17.464     12.597
 R   2 G  77      0     18.405     12.824
 R   2 G  78      0     17.453     12.412
 R   2 G  79      0     17.841     12.165
 R   2 G  80      0     18.074     12.351
 R   2 G  81      0     17.854     12.434
 R   2 G  82      0     17.862     13.026
 R   2 G  83      0     17.875     12.578
 R   2 G  84      0      17.66     12.529
 R   2 G  85      0     17.563     12.574
 R   2 G  86      0     16.753     12.278
 R   2 G  87      0     16.942     12.694
 R   2 G  88      0     16.917     12.867
 R   2 G  89      0     16.365      12.39
 R   2 G  90      0     16.517     12.287
 R   2 G  91      0     16.705     12.587
 R   2 G  92      0     16.538     12.283
 R   2 G  93      0     16.944     12.593
 R   2 G  94      0     16.859       12.6
 R   2 G  95      0     16.634      12.12
 R   2 G  96      0     17.228     12.552
 R   2 G  97      0     17.428     12.298
 R   2 G  98      0     17.708     12.823
 R   2 G  99      0     17.253     12.513
2     19 R   3 G   0      3     37.105     14.299
 R   3 G   1      1      31.84     12.914
 R   3 G   2      1     28.748     12.476
 R   3 G   3      1     26.411     12.636
 R   3 G   4      0     24.583     12.418
 R   3 G   5      0     22.656     12.707
 R   3 G   6      1     22.562     13.033
 R   3 G   7      0     21.677     12.242
 R   3 G   8      0      22.03     12.664
 R   3 G   9      0     22.119     13.169
 R   3 G  10      0      21.39     13.035
 R   3 G  11      0     20.313     12.753
 R   3 G  12      1     20.707     12.568
 R   3 G  13      0     20.631     13.008
 R   3 G  14      1     20.828     12.645
 R   3 G  15      0     20.892     12.613
 R   3 G  16      0     20.369     12.449
 R   3 G  17      0       20.0      11.92
 R   3 G  18      0     20.287     12.032
 R   3 G  19      0     20.528     12.714
 R   3 G  20      0     20.779     13.324
 R   3 G  21      0     20.719     13.057
 R   3 G  22      0     19.935     12.504
 R   3 G  23      0     19.837     11.921
 R   3 G  24      0     20.952     12.959
 R   3 G  25      0     19.854     12.531
 R   3 G  26      0     19.957     12.658
 R   3 G  27      0      19.37     12.235
 R   3 G  28      0     20.201     12.949
 R   3 G  29      0     20.604     12.711
 R   3 G  30      0     20.803     13.384
 R   3 G  31      0     20.727     13.284
 R   3 G  32      0      21.14     12.529
 R   3 G  33      0      20.51     12.748
 R   3 G  34      0     20.336       12.2
 R   3 G  35      0     20.612     12.884
 R   3 G  36      0     20.627     13.024
 R   3 G  37      0     20.364     13.068
 R   3 G  38      0      19.96     13.131
 R   3 G  39      0     19.774     12.844
 R   3 G  40      0     19.818     12.668
 R   3 G  41      0     20.139     12.808
 R   3 G  42      0     20.033     12.737
 R   3 G  43      0      19.71     12.287
 R   3 G  44      0     20.202     12.927
 R   3 G  45      0     20.012     12.735
 R   3 G  46      0     19.658     12.774
 R   3 G  47      0     20.565     12.941
 R   3 G  48      0     19.879     12.383
 R   3 G  49      0     19.558     12.437
 R   3 G  50      0      18.73     11.724
 R   3 G  51      0     19.612     12.437
 R   3 G  52      0     19.247     12.205
 R   3 G  53      0     19.262     12.797
 R   3 G  54      0     18.258     12.072
 R   3 G  55      0     19.072     12.562
 R   3 G  56      0     19.115     12.401
 R   3 G  57      0     18.836     12.898
 R   3 G  58      0     18.395     12.916
 R   3 G  59      0     18.107     12.035
 R   3 G  60      0     18.568     13.288
 R   3 G  61      0     17.908     12.294
 R   3 G  62      0     18.376     12.717
 R   3 G  63      0     18.756      13.15
 R   3 G  64      0     18.275     12.788
 R   3 G  65      0      18.29     12.893
 R   3 G  66      0     18.325     13.096
 R   3 G  67      0      17.98     12.717
 R   3 G  68      0     18.151     13.225
 R   3 G  69      0     17.509     12.793
 R   3 G  70      0     16.964     12.751
 R   3 G  71      0     17.162     12.676
 R   3 G  72      0     17.499     12.728
 R   3 G  73      0     17.729     12.996
 R   3 G  74      0      17.06     12.835
 R   3 G  75      0      17.08     12.958
 R   3 G  76      0     17.455     13.077
 R   3 G  77      0     17.254     12.225
 R   3 G  78      0     17.674     12.598
 R   3 G  79      0     18.404      12.78
 R   3 G  80      0     18.716     12.715
 R   3 G  81      0     17.942     12.504
 R   3 G  82      0     17.135     12.607
 R   3 G  83      0     16.684     12.064
 R   3 G  84      0     16.965     12.584
 R   3 G  85      0     17.254     12.609
 R   3 G  86      0     16.928     12.127
 R   3 G  87      0     17.421     12.534
 R   3 G  88      0     16.804     12.372
 R   3 G  89      0     17.524     12.799
 R   3 G  90      0     16.865     12.398
 R   3 G  91      0     17.691     12.419
 R   3 G  92      0     18.007     12.403
 R   3 G  93      0     18.142     12.669
 R   3 G  94      0     17.937     13.056
 R   3 G  95      0     17.978     13.129
 R   3 G  96      0      18.02     12.936
 R   3 G  97      0     17.523     13.016
 R   3 G  98      0     16.733     12.374
 R   3 G  99      0     16.566     12.737
3     47 R   4 G   0      1     36.897     14.384
 R   4 G   1      1     32.135     13.325
 R   4 G   2      1      29.04     12.643
 R   4 G   3      1     27.027     12.761
 R   4 G   4      1     25.141     12.876
 R   4 G   5      0     24.427     12.645
 R   4 G   6      0     23.411     12.409
 R   4 G   7      0     21.876     12.178
 R   4 G   8      0     21.692     12.941
 R   4 G   9      0     20.989      12.57
 R   4 G  10      0     20.548     12.585
 R   4 G  11      0      20.88     12.304
 R   4 G  12      0     20.907     12.446
 R   4 G  13      0     20.517     12.716
 R   4 G  14      0     21.113     13.343
 R   4 G  15      0     21.298      13.31
 R   4 G  16      0     20.929       13.0
 R   4 G  17      0     20.712     12.547
 R   4 G  18      0     20.581     12.834
 R   4 G  19      0     20.695     12.653
 R   4 G  20      0     20.673     12.574
 R   4 G  21      0     21.046     12.985
 R   4 G  22      0     20.282     12.418
 R   4 G  23      0     20.643     12.841
 R   4 G  24      0     20.489     12.774
 R   4 G  25      0     20.104     12.486
 R   4 G  26      0     19.883     12.814
 R   4 G  27      0     20.778     13.131
 R   4 G  28      0     19.918     12.642
 R   4 G  29      0      20.36     12.851
 R   4 G  30      0     20.196     12.452
 R   4 G  31      0     20.003     12.268
 R   4 G  32      0     19.648     12.575
 R   4 G  33      0     20.024     12.958
 R   4 G  34      0     19.672     12.574
 R   4 G  35      0     19.678      12.78
 R   4 G  36      0     19.421     12.391
 R   4 G  37      0      19.16      12.58
 R   4 G  38      0     20.512     12.932
 R   4 G  39      0     21.002     13.079
 R   4 G  40      0     20.474     12.505
 R   4 G  41      1     20.741     13.113
 R   4 G  42      0     20.482     12.827
 R   4 G  43      0     20.873     12.557
 R   4 G  44      0     20.327     13.222
 R   4 G  45      0     20.126     13.089
 R   4 G  46      0     20.459     13.159
 R   4 G  47      0     20.305     12.736
 R   4 G  48      0     19.709     12.276
 R   4 G  49      0     19.832     12.364
 R   4 G  50      0     20.467     12.706
 R   4 G  51      0     20.807       12.7
 R   4 G  52      0     20.171     12.572
 R   4 G  53      0     19.805     13.072
 R   4 G  54      0     19.566     12.795
 R   4 G  55      0     20.068     13.086
 R   4 G  56      0     20.175     12.498
 R   4 G  57      0     20.696     12.944
 R   4 G  58      0     19.354     12.868
 R   4 G  59      0     18.853     12.685
 R   4 G  60      0      18.88      13.06
 R   4 G  61      0     19.264      12.71
 R   4 G  62      0     18.918     12.244
 R   4 G  63      0      18.94     12.327
 R   4 G  64      0     19.521     12.759
 R   4 G  65      0     20.245     13.071
 R   4 G  66      0     19.709     12.878
 R   4 G  67      0     19.914     12.982
 R   4 G  68      0     19.545     13.015
 R   4 G  69      0     20.326     12.929
 R   4 G  70      0      19.67     12.772
 R   4 G  71      0     19.351     12.635
 R   4 G  72      0     19.003     12.609
 R   4 G  73      0     18.846     12.105
 R   4 G  74      0     18.841      12.71
 R   4 G  75      0     19.651     12.767
 R   4 G  76      0     19.053     12.873
 R   4 G  77      0     19.305     13.389
 R   4 G  78      0     18.614     12.847
 R   4 G  79      0     18.466     12.715
 R   4 G  80      0     18.238      12.33
 R   4 G  81      0     18.099     11.994
 R   4 G  82      0     18.784     12.588
 R   4 G  83      0     18.508     12.635
 R   4 G  84      0     18.057      12.38
 R   4 G  85      0     18.034       12.6
 R   4 G  86      0     18.989     12.766
 R   4 G  87      0     18.785     13.123
 R   4 G  88      0     18.034     12.466
 R   4 G  89      0     18.591     12.576
 R   4 G  90      0     19.291     12.058
 R   4 G  91      0     19.463     13.305
 R   4 G  92      0     19.648     13.443
 R   4 G  93      0     18.729     12.849
 R   4 G  94      0     18.809     12.519
 R   4 G  95      0     18.587     12.376
 R   4 G  96      0     18.497     12.206
 R   4 G  97      0      18.36      12.31
 R   4 G  98      0     18.276     12.311
 R   4 G  99      0     18.411     12.489
4     25 R   5 G   0      1     36.785     14.873
 R   5 G   1      1      30.58     13.459
 R   5 G   2      1     26.758     12.597
 R   5 G   3      1     24.991     11.799
 R   5 G   4      0     24.156     12.669
 R   5 G   5      0     23.252     12.183
 R   5 G   6      0     22.409     12.007
 R   5 G   7      0     22.177     12.523
 R   5 G   8      0     21.697      12.28
 R   5 G   9      0     21.949     12.465
 R   5 G  10      0     21.658     12.668
 R   5 G  11      0     21.194     12.303
 R   5 G  12      0     21.441     12.533
 R   5 G  13      0     20.647     12.495
 R   5 G  14      0     21.101     12.901
 R   5 G  15      0     21.421     12.915
 R   5 G  16      0     20.878     12.273
 R   5 G  17      0     20.331     12.236
 R   5 G  18      0     20.591      12.58
 R   5 G  19      0     20.888     12.896
 R   5 G  20      0     20.376     11.998
 R   5 G  21      0     20.528     11.935
 R   5 G  22      0     21.036     12.813
 R   5 G  23      0     21.498     13.245
 R   5 G  24      0     21.279     13.547
 R   5 G  25      0     20.511     12.912
 R   5 G  26      0     19.969     12.637
 R   5 G  27      0     19.683     12.384
 R   5 G  28      0     19.634     13.057
 R   5 G  29      0     19.524     12.199
 R   5 G  30      0     19.757     12.979
 R   5 G  31      0     19.166     12.683
 R   5 G  32      0     19.711     13.003
 R   5 G  33      0     19.057     12.212
 R   5 G  34      0     19.326     12.582
 R   5 G  35      0     19.111     12.734
 R   5 G  36      0      18.66     12.246
 R   5 G  37      0     18.438     12.836
 R  